5.000000e+000
4.979123e+000
4.937369e+000
4.853861e+000
4.686844e+000
4.352812e+000
4.269304e+000
4.102288e+000
4.044431e+000
3.986574e+000
3.928717e+000
3.870860e+000
3.813003e+000
3.755146e+000
3.697289e+000
3.679640e+000
3.670780e+000
3.665430e+000
3.661504e+000
3.657238e+000
3.653194e+000
3.649489e+000
3.646006e+000
3.642299e+000
3.638889e+000
3.635232e+000
3.631322e+000
3.627602e+000
3.626432e+000
3.626024e+000
3.625052e+000
3.624645e+000
3.624154e+000
3.623673e+000
3.622987e+000
3.621806e+000
3.619648e+000
3.616152e+000
3.610417e+000
3.604408e+000
3.595554e+000
3.585527e+000
3.576217e+000
3.566116e+000
3.556858e+000
3.547036e+000
3.537706e+000
3.522747e+000
3.513336e+000
3.513160e+000
3.512807e+000
3.512102e+000
3.510230e+000
3.504154e+000
3.503042e+000
3.502765e+000
3.502526e+000
3.502380e+000
3.499982e+000
3.497583e+000
3.495185e+000
3.492786e+000
3.490388e+000
3.487990e+000
3.485591e+000
3.448258e+000
3.410925e+000
3.373592e+000
3.336259e+000
3.298926e+000
3.261593e+000
3.224260e+000
3.052915e+000
3.028400e+000
3.003884e+000
2.979369e+000
2.954853e+000
2.930338e+000
2.905822e+000
2.881306e+000
2.871306e+000
2.861306e+000
2.841306e+000
2.831265e+000
2.822222e+000
2.817214e+000
2.813090e+000
2.810199e+000
2.807533e+000
2.805278e+000
2.803196e+000
2.800978e+000
2.798431e+000
2.795954e+000
2.794949e+000
2.794286e+000
2.793847e+000
2.793492e+000
2.793087e+000
2.792613e+000
2.792018e+000
2.790965e+000
2.789069e+000
2.787688e+000
2.786409e+000
2.784962e+000
2.783183e+000
2.781195e+000
2.779219e+000
2.776371e+000
2.773865e+000
2.771543e+000
2.768862e+000
2.766442e+000
2.763871e+000
2.761452e+000
2.758830e+000
2.756254e+000
2.753445e+000
2.750576e+000
2.747349e+000
2.744072e+000
2.740468e+000
2.736235e+000
2.730703e+000
2.723494e+000
2.713128e+000
2.697120e+000
2.666073e+000
2.603979e+000
2.507834e+000
2.341177e+000
2.007862e+000
1.499961e+000
9.540674e-001
7.113364e-001
4.854621e-001
4.517485e-001
3.843215e-001
2.494673e-001
4.201084e-013
0.000000e+000
0.000000e+000
0.000000e+000
0.000000e+000
0.000000e+000
0.000000e+000
0.000000e+000
0.000000e+000
0.000000e+000
0.000000e+000
0.000000e+000
0.000000e+000
0.000000e+000
0.000000e+000
0.000000e+000
0.000000e+000
0.000000e+000
0.000000e+000
0.000000e+000
0.000000e+000
0.000000e+000
0.000000e+000
0.000000e+000
0.000000e+000
0.000000e+000
0.000000e+000
0.000000e+000
0.000000e+000
0.000000e+000
0.000000e+000
0.000000e+000
0.000000e+000
0.000000e+000
0.000000e+000
0.000000e+000
0.000000e+000
0.000000e+000
0.000000e+000
0.000000e+000
0.000000e+000
0.000000e+000
0.000000e+000
0.000000e+000
0.000000e+000
0.000000e+000
0.000000e+000
0.000000e+000
0.000000e+000
0.000000e+000
0.000000e+000
0.000000e+000
0.000000e+000
0.000000e+000
0.000000e+000
0.000000e+000
0.000000e+000
0.000000e+000
0.000000e+000
0.000000e+000
0.000000e+000
0.000000e+000
0.000000e+000
0.000000e+000
0.000000e+000
0.000000e+000
0.000000e+000
0.000000e+000
0.000000e+000
0.000000e+000
0.000000e+000
0.000000e+000
0.000000e+000
0.000000e+000
0.000000e+000
0.000000e+000
0.000000e+000
0.000000e+000
0.000000e+000
0.000000e+000
0.000000e+000
0.000000e+000
0.000000e+000
0.000000e+000
0.000000e+000
0.000000e+000
0.000000e+000
0.000000e+000
0.000000e+000
0.000000e+000
0.000000e+000
0.000000e+000
0.000000e+000
0.000000e+000
0.000000e+000
0.000000e+000
0.000000e+000
0.000000e+000
0.000000e+000
0.000000e+000
0.000000e+000
0.000000e+000
0.000000e+000
0.000000e+000
0.000000e+000
0.000000e+000
0.000000e+000
0.000000e+000
0.000000e+000
0.000000e+000
0.000000e+000
0.000000e+000
0.000000e+000
0.000000e+000
0.000000e+000
0.000000e+000
0.000000e+000
0.000000e+000
0.000000e+000
0.000000e+000
0.000000e+000
0.000000e+000
0.000000e+000
0.000000e+000
0.000000e+000
0.000000e+000
0.000000e+000
0.000000e+000
0.000000e+000
0.000000e+000
0.000000e+000
0.000000e+000
0.000000e+000
0.000000e+000
0.000000e+000
0.000000e+000
0.000000e+000
0.000000e+000
0.000000e+000
0.000000e+000
0.000000e+000
0.000000e+000
0.000000e+000
0.000000e+000
0.000000e+000
0.000000e+000
0.000000e+000
0.000000e+000
0.000000e+000
0.000000e+000
0.000000e+000
0.000000e+000
0.000000e+000
0.000000e+000
0.000000e+000
0.000000e+000
0.000000e+000
0.000000e+000
0.000000e+000
0.000000e+000
0.000000e+000
0.000000e+000
0.000000e+000
0.000000e+000
0.000000e+000
0.000000e+000
0.000000e+000
0.000000e+000
0.000000e+000
0.000000e+000
0.000000e+000
0.000000e+000
0.000000e+000
0.000000e+000
0.000000e+000
0.000000e+000
0.000000e+000
0.000000e+000
0.000000e+000
0.000000e+000
0.000000e+000
0.000000e+000
0.000000e+000
0.000000e+000
0.000000e+000
0.000000e+000
0.000000e+000
0.000000e+000
0.000000e+000
0.000000e+000
0.000000e+000
0.000000e+000
0.000000e+000
0.000000e+000
0.000000e+000
0.000000e+000
0.000000e+000
0.000000e+000
0.000000e+000
0.000000e+000
0.000000e+000
0.000000e+000
0.000000e+000
0.000000e+000
0.000000e+000
0.000000e+000
0.000000e+000
0.000000e+000
0.000000e+000
0.000000e+000
0.000000e+000
0.000000e+000
0.000000e+000
0.000000e+000
0.000000e+000
0.000000e+000
0.000000e+000
0.000000e+000
0.000000e+000
0.000000e+000
0.000000e+000
0.000000e+000
0.000000e+000
0.000000e+000
0.000000e+000
0.000000e+000
0.000000e+000
0.000000e+000
0.000000e+000
0.000000e+000
0.000000e+000
0.000000e+000
0.000000e+000
0.000000e+000
0.000000e+000
0.000000e+000
0.000000e+000
0.000000e+000
0.000000e+000
0.000000e+000
0.000000e+000
0.000000e+000
0.000000e+000
0.000000e+000
0.000000e+000
0.000000e+000
0.000000e+000
0.000000e+000
0.000000e+000
0.000000e+000
0.000000e+000
0.000000e+000
0.000000e+000
0.000000e+000
0.000000e+000
0.000000e+000
0.000000e+000
0.000000e+000
0.000000e+000
0.000000e+000
0.000000e+000
0.000000e+000
0.000000e+000
0.000000e+000
0.000000e+000
0.000000e+000
0.000000e+000
0.000000e+000
0.000000e+000
0.000000e+000
0.000000e+000
0.000000e+000
0.000000e+000
0.000000e+000
0.000000e+000
0.000000e+000
0.000000e+000
0.000000e+000
0.000000e+000
0.000000e+000
0.000000e+000
0.000000e+000
0.000000e+000
0.000000e+000
0.000000e+000
0.000000e+000
0.000000e+000
0.000000e+000
0.000000e+000
0.000000e+000
0.000000e+000
0.000000e+000
0.000000e+000
0.000000e+000
0.000000e+000
0.000000e+000
0.000000e+000
0.000000e+000
0.000000e+000
0.000000e+000
0.000000e+000
0.000000e+000
0.000000e+000
0.000000e+000
0.000000e+000
0.000000e+000
0.000000e+000
0.000000e+000
0.000000e+000
0.000000e+000
0.000000e+000
0.000000e+000
0.000000e+000
0.000000e+000
0.000000e+000
0.000000e+000
0.000000e+000
0.000000e+000
0.000000e+000
0.000000e+000
0.000000e+000
0.000000e+000
0.000000e+000
0.000000e+000
0.000000e+000
0.000000e+000
0.000000e+000
0.000000e+000
0.000000e+000
0.000000e+000
0.000000e+000
0.000000e+000
0.000000e+000
0.000000e+000
0.000000e+000
0.000000e+000
0.000000e+000
0.000000e+000
0.000000e+000
0.000000e+000
0.000000e+000
0.000000e+000
0.000000e+000
0.000000e+000
0.000000e+000
0.000000e+000
0.000000e+000
0.000000e+000
0.000000e+000
0.000000e+000
0.000000e+000
0.000000e+000
0.000000e+000
0.000000e+000
0.000000e+000
0.000000e+000
0.000000e+000
0.000000e+000
0.000000e+000
0.000000e+000
0.000000e+000
0.000000e+000
0.000000e+000
0.000000e+000
0.000000e+000
0.000000e+000
0.000000e+000
0.000000e+000
0.000000e+000
0.000000e+000
0.000000e+000
0.000000e+000
0.000000e+000
0.000000e+000
0.000000e+000
0.000000e+000
0.000000e+000
0.000000e+000
0.000000e+000
0.000000e+000
0.000000e+000
0.000000e+000
0.000000e+000
0.000000e+000
0.000000e+000
0.000000e+000
0.000000e+000
0.000000e+000
0.000000e+000
0.000000e+000
0.000000e+000
0.000000e+000
0.000000e+000
0.000000e+000
0.000000e+000
0.000000e+000
0.000000e+000
0.000000e+000
0.000000e+000
0.000000e+000
0.000000e+000
0.000000e+000
0.000000e+000
0.000000e+000
0.000000e+000
0.000000e+000
0.000000e+000
0.000000e+000
0.000000e+000
0.000000e+000
0.000000e+000
0.000000e+000
0.000000e+000
0.000000e+000
0.000000e+000
0.000000e+000
0.000000e+000
0.000000e+000
0.000000e+000
0.000000e+000
0.000000e+000
0.000000e+000
0.000000e+000
0.000000e+000
0.000000e+000
0.000000e+000
0.000000e+000
0.000000e+000
0.000000e+000
0.000000e+000
0.000000e+000
0.000000e+000
0.000000e+000
0.000000e+000
0.000000e+000
0.000000e+000
0.000000e+000
0.000000e+000
0.000000e+000
0.000000e+000
0.000000e+000
0.000000e+000
0.000000e+000
0.000000e+000
0.000000e+000
0.000000e+000
0.000000e+000
0.000000e+000
0.000000e+000
0.000000e+000
0.000000e+000
0.000000e+000
0.000000e+000
0.000000e+000
0.000000e+000
0.000000e+000
0.000000e+000
0.000000e+000
0.000000e+000
0.000000e+000
0.000000e+000
0.000000e+000
0.000000e+000
0.000000e+000
0.000000e+000
0.000000e+000
0.000000e+000
0.000000e+000
0.000000e+000
0.000000e+000
0.000000e+000
0.000000e+000
0.000000e+000
0.000000e+000
0.000000e+000
0.000000e+000
0.000000e+000
0.000000e+000
0.000000e+000
0.000000e+000
0.000000e+000
0.000000e+000
0.000000e+000
0.000000e+000
0.000000e+000
0.000000e+000
0.000000e+000
0.000000e+000
0.000000e+000
0.000000e+000
0.000000e+000
0.000000e+000
0.000000e+000
0.000000e+000
0.000000e+000
0.000000e+000
0.000000e+000
0.000000e+000
0.000000e+000
0.000000e+000
0.000000e+000
0.000000e+000
0.000000e+000
0.000000e+000
0.000000e+000
0.000000e+000
0.000000e+000
0.000000e+000
0.000000e+000
0.000000e+000
0.000000e+000
0.000000e+000
0.000000e+000
0.000000e+000
0.000000e+000
0.000000e+000
0.000000e+000
0.000000e+000
0.000000e+000
0.000000e+000
0.000000e+000
0.000000e+000
0.000000e+000
0.000000e+000
0.000000e+000
0.000000e+000
0.000000e+000
0.000000e+000
0.000000e+000
0.000000e+000
0.000000e+000
0.000000e+000
0.000000e+000
0.000000e+000
0.000000e+000
0.000000e+000
0.000000e+000
0.000000e+000
0.000000e+000
0.000000e+000
0.000000e+000
0.000000e+000
0.000000e+000
0.000000e+000
0.000000e+000
0.000000e+000
0.000000e+000
0.000000e+000
0.000000e+000
0.000000e+000
0.000000e+000
0.000000e+000
0.000000e+000
0.000000e+000
0.000000e+000
0.000000e+000
0.000000e+000
0.000000e+000
0.000000e+000
0.000000e+000
0.000000e+000
0.000000e+000
0.000000e+000
0.000000e+000
0.000000e+000
0.000000e+000
0.000000e+000
0.000000e+000
0.000000e+000
0.000000e+000
0.000000e+000
0.000000e+000
0.000000e+000
0.000000e+000
0.000000e+000
0.000000e+000
0.000000e+000
0.000000e+000
0.000000e+000
0.000000e+000
0.000000e+000
0.000000e+000
0.000000e+000
0.000000e+000
0.000000e+000
0.000000e+000
0.000000e+000
0.000000e+000
0.000000e+000
0.000000e+000
0.000000e+000
0.000000e+000
0.000000e+000
0.000000e+000
0.000000e+000
0.000000e+000
0.000000e+000
0.000000e+000
0.000000e+000
0.000000e+000
0.000000e+000
0.000000e+000
0.000000e+000
0.000000e+000
0.000000e+000
0.000000e+000
0.000000e+000
0.000000e+000
0.000000e+000
0.000000e+000
0.000000e+000
0.000000e+000
0.000000e+000
0.000000e+000
0.000000e+000
0.000000e+000
0.000000e+000
0.000000e+000
0.000000e+000
0.000000e+000
0.000000e+000
0.000000e+000
0.000000e+000
0.000000e+000
0.000000e+000
0.000000e+000
0.000000e+000
0.000000e+000
0.000000e+000
0.000000e+000
0.000000e+000
0.000000e+000
0.000000e+000
0.000000e+000
0.000000e+000
0.000000e+000
0.000000e+000
0.000000e+000
0.000000e+000
0.000000e+000
0.000000e+000
0.000000e+000
0.000000e+000
0.000000e+000
0.000000e+000
0.000000e+000
0.000000e+000
0.000000e+000
0.000000e+000
0.000000e+000
0.000000e+000
0.000000e+000
0.000000e+000
0.000000e+000
0.000000e+000
0.000000e+000
0.000000e+000
0.000000e+000
0.000000e+000
0.000000e+000
0.000000e+000
0.000000e+000
0.000000e+000
0.000000e+000
0.000000e+000
0.000000e+000
0.000000e+000
0.000000e+000
0.000000e+000
0.000000e+000
0.000000e+000
0.000000e+000
0.000000e+000
0.000000e+000
0.000000e+000
0.000000e+000
0.000000e+000
0.000000e+000
0.000000e+000
0.000000e+000
0.000000e+000
0.000000e+000
0.000000e+000
0.000000e+000
0.000000e+000
0.000000e+000
0.000000e+000
0.000000e+000
0.000000e+000
0.000000e+000
0.000000e+000
0.000000e+000
0.000000e+000
0.000000e+000
0.000000e+000
0.000000e+000
0.000000e+000
0.000000e+000
0.000000e+000
5.226727e-003
1.568018e-002
1.620285e-001
6.856032e-001
9.009751e-001
9.009940e-001
9.010038e-001
9.010051e-001
9.494670e-001
9.979288e-001
1.046391e+000
1.094853e+000
1.143314e+000
1.191776e+000
1.240238e+000
1.579473e+000
2.171061e+000
2.818791e+000
3.765265e+000
4.008163e+000
4.124571e+000
4.240979e+000
4.357387e+000
4.473795e+000
4.590203e+000
4.706611e+000
4.823019e+000
5.000000e+000
5.000000e+000
5.000000e+000
5.000000e+000
5.000000e+000
5.000000e+000
5.000000e+000
5.000000e+000
5.000000e+000
5.000000e+000
5.000000e+000
5.000000e+000
5.000000e+000
5.000000e+000
5.000000e+000
5.000000e+000
5.000000e+000
5.000000e+000
5.000000e+000
5.000000e+000
5.000000e+000
5.000000e+000
5.000000e+000
5.000000e+000
5.000000e+000
5.000000e+000
5.000000e+000
5.000000e+000
5.000000e+000
5.000000e+000
5.000000e+000
5.000000e+000
5.000000e+000
5.000000e+000
5.000000e+000
5.000000e+000
5.000000e+000
5.000000e+000
5.000000e+000
5.000000e+000
5.000000e+000
5.000000e+000
5.000000e+000
5.000000e+000
5.000000e+000
5.000000e+000
5.000000e+000
5.000000e+000
5.000000e+000
5.000000e+000
5.000000e+000
5.000000e+000
5.000000e+000
5.000000e+000
5.000000e+000
5.000000e+000
5.000000e+000
5.000000e+000
5.000000e+000
5.000000e+000
5.000000e+000
5.000000e+000
5.000000e+000
5.000000e+000
5.000000e+000
5.000000e+000
5.000000e+000
5.000000e+000
5.000000e+000
5.000000e+000
5.000000e+000
5.000000e+000
5.000000e+000
5.000000e+000
5.000000e+000
5.000000e+000
5.000000e+000
5.000000e+000
5.000000e+000
5.000000e+000
5.000000e+000
5.000000e+000
5.000000e+000
5.000000e+000
5.000000e+000
5.000000e+000
5.000000e+000
5.000000e+000
5.000000e+000
5.000000e+000
5.000000e+000
5.000000e+000
5.000000e+000
5.000000e+000
5.000000e+000
5.000000e+000
5.000000e+000
5.000000e+000
5.000000e+000
5.000000e+000
5.000000e+000
5.000000e+000
5.000000e+000
5.000000e+000
5.000000e+000
5.000000e+000
5.000000e+000
5.000000e+000
5.000000e+000
5.000000e+000
5.000000e+000
5.000000e+000
5.000000e+000
5.000000e+000
5.000000e+000
5.000000e+000
5.000000e+000
5.000000e+000
5.000000e+000
5.000000e+000
5.000000e+000
5.000000e+000
5.000000e+000
5.000000e+000
5.000000e+000
5.000000e+000
5.000000e+000
5.000000e+000
5.000000e+000
5.000000e+000
5.000000e+000
5.000000e+000
5.000000e+000
5.000000e+000
5.000000e+000
5.000000e+000
5.000000e+000
5.000000e+000
5.000000e+000
5.000000e+000
5.000000e+000
5.000000e+000
5.000000e+000
5.000000e+000
5.000000e+000
5.000000e+000
5.000000e+000
5.000000e+000
5.000000e+000
5.000000e+000
5.000000e+000
5.000000e+000
5.000000e+000
5.000000e+000
5.000000e+000
5.000000e+000
5.000000e+000
5.000000e+000
5.000000e+000
5.000000e+000
5.000000e+000
5.000000e+000
5.000000e+000
5.000000e+000
5.000000e+000
5.000000e+000
5.000000e+000
5.000000e+000
5.000000e+000
5.000000e+000
5.000000e+000
5.000000e+000
5.000000e+000
5.000000e+000
5.000000e+000
5.000000e+000
5.000000e+000
5.000000e+000
5.000000e+000
5.000000e+000
5.000000e+000
5.000000e+000
5.000000e+000
5.000000e+000
5.000000e+000
5.000000e+000
5.000000e+000
5.000000e+000
5.000000e+000
5.000000e+000
5.000000e+000
5.000000e+000
5.000000e+000
5.000000e+000
5.000000e+000
5.000000e+000
5.000000e+000
5.000000e+000
5.000000e+000
5.000000e+000
5.000000e+000
5.000000e+000
5.000000e+000
5.000000e+000
5.000000e+000
5.000000e+000
5.000000e+000
5.000000e+000
5.000000e+000
5.000000e+000
5.000000e+000
5.000000e+000
5.000000e+000
5.000000e+000
5.000000e+000
5.000000e+000
5.000000e+000
5.000000e+000
5.000000e+000
5.000000e+000
5.000000e+000
5.000000e+000
5.000000e+000
5.000000e+000
5.000000e+000
5.000000e+000
5.000000e+000
5.000000e+000
5.000000e+000
5.000000e+000
5.000000e+000
5.000000e+000
5.000000e+000
5.000000e+000
5.000000e+000
5.000000e+000
5.000000e+000
5.000000e+000
5.000000e+000
5.000000e+000
5.000000e+000
5.000000e+000
5.000000e+000
5.000000e+000
5.000000e+000
5.000000e+000
5.000000e+000
5.000000e+000
5.000000e+000
5.000000e+000
5.000000e+000
5.000000e+000
5.000000e+000
5.000000e+000
5.000000e+000
5.000000e+000
5.000000e+000
5.000000e+000
5.000000e+000
5.000000e+000
5.000000e+000
5.000000e+000
5.000000e+000
5.000000e+000
5.000000e+000
5.000000e+000
5.000000e+000
5.000000e+000
5.000000e+000
5.000000e+000
5.000000e+000
5.000000e+000
5.000000e+000
5.000000e+000
5.000000e+000
5.000000e+000
5.000000e+000
5.000000e+000
5.000000e+000
5.000000e+000
5.000000e+000
5.000000e+000
5.000000e+000
5.000000e+000
5.000000e+000
5.000000e+000
5.000000e+000
5.000000e+000
5.000000e+000
5.000000e+000
5.000000e+000
5.000000e+000
5.000000e+000
5.000000e+000
5.000000e+000
5.000000e+000
5.000000e+000
5.000000e+000
5.000000e+000
5.000000e+000
5.000000e+000
5.000000e+000
5.000000e+000
5.000000e+000
5.000000e+000
5.000000e+000
5.000000e+000
5.000000e+000
5.000000e+000
5.000000e+000
5.000000e+000
5.000000e+000
5.000000e+000
5.000000e+000
5.000000e+000
5.000000e+000
5.000000e+000
5.000000e+000
5.000000e+000
5.000000e+000
5.000000e+000
5.000000e+000
5.000000e+000
5.000000e+000
5.000000e+000
5.000000e+000
5.000000e+000
5.000000e+000
5.000000e+000
5.000000e+000
5.000000e+000
5.000000e+000
5.000000e+000
5.000000e+000
5.000000e+000
5.000000e+000
5.000000e+000
5.000000e+000
5.000000e+000
5.000000e+000
5.000000e+000
5.000000e+000
5.000000e+000
5.000000e+000
5.000000e+000
5.000000e+000
5.000000e+000
5.000000e+000
5.000000e+000
5.000000e+000
5.000000e+000
5.000000e+000
5.000000e+000
5.000000e+000
5.000000e+000
5.000000e+000
5.000000e+000
5.000000e+000
5.000000e+000
5.000000e+000
5.000000e+000
5.000000e+000
5.000000e+000
5.000000e+000
5.000000e+000
5.000000e+000
5.000000e+000
5.000000e+000
5.000000e+000
5.000000e+000
5.000000e+000
5.000000e+000
5.000000e+000
5.000000e+000
5.000000e+000
5.000000e+000
5.000000e+000
5.000000e+000
5.000000e+000
5.000000e+000
5.000000e+000
5.000000e+000
5.000000e+000
5.000000e+000
5.000000e+000
5.000000e+000
5.000000e+000
5.000000e+000
5.000000e+000
5.000000e+000
5.000000e+000
5.000000e+000
5.000000e+000
5.000000e+000
5.000000e+000
5.000000e+000
5.000000e+000
5.000000e+000
5.000000e+000
5.000000e+000
5.000000e+000
5.000000e+000
5.000000e+000
5.000000e+000
5.000000e+000
5.000000e+000
5.000000e+000
5.000000e+000
5.000000e+000
5.000000e+000
5.000000e+000
5.000000e+000
5.000000e+000
5.000000e+000
5.000000e+000
5.000000e+000
5.000000e+000
5.000000e+000
5.000000e+000
5.000000e+000
5.000000e+000
5.000000e+000
5.000000e+000
5.000000e+000
5.000000e+000
5.000000e+000
5.000000e+000
5.000000e+000
5.000000e+000
5.000000e+000
5.000000e+000
5.000000e+000
5.000000e+000
5.000000e+000
5.000000e+000
5.000000e+000
5.000000e+000
5.000000e+000
5.000000e+000
5.000000e+000
5.000000e+000
5.000000e+000
5.000000e+000
5.000000e+000
5.000000e+000
5.000000e+000
5.000000e+000
5.000000e+000
5.000000e+000
5.000000e+000
5.000000e+000
5.000000e+000
5.000000e+000
5.000000e+000
5.000000e+000
5.000000e+000
5.000000e+000
5.000000e+000
5.000000e+000
5.000000e+000
5.000000e+000
5.000000e+000
5.000000e+000
5.000000e+000
5.000000e+000
5.000000e+000
5.000000e+000
5.000000e+000
5.000000e+000
5.000000e+000
5.000000e+000
5.000000e+000
5.000000e+000
5.000000e+000
5.000000e+000
5.000000e+000
5.000000e+000
5.000000e+000
5.000000e+000
5.000000e+000
5.000000e+000
5.000000e+000
5.000000e+000
5.000000e+000
5.000000e+000
5.000000e+000
5.000000e+000
5.000000e+000
5.000000e+000
5.000000e+000
5.000000e+000
5.000000e+000
5.000000e+000
5.000000e+000
5.000000e+000
5.000000e+000
5.000000e+000
5.000000e+000
5.000000e+000
5.000000e+000
5.000000e+000
5.000000e+000
5.000000e+000
5.000000e+000
5.000000e+000
5.000000e+000
5.000000e+000
5.000000e+000
5.000000e+000
5.000000e+000
5.000000e+000
5.000000e+000
5.000000e+000
5.000000e+000
5.000000e+000
5.000000e+000
5.000000e+000
5.000000e+000
5.000000e+000
5.000000e+000
5.000000e+000
5.000000e+000
5.000000e+000
5.000000e+000
5.000000e+000
5.000000e+000
5.000000e+000
5.000000e+000
5.000000e+000
5.000000e+000
5.000000e+000
5.000000e+000
5.000000e+000
5.000000e+000
5.000000e+000
5.000000e+000
5.000000e+000
5.000000e+000
5.000000e+000
5.000000e+000
5.000000e+000
5.000000e+000
5.000000e+000
5.000000e+000
5.000000e+000
5.000000e+000
5.000000e+000
5.000000e+000
5.000000e+000
5.000000e+000
5.000000e+000
5.000000e+000
5.000000e+000
5.000000e+000
5.000000e+000
5.000000e+000
5.000000e+000
5.000000e+000
5.000000e+000
5.000000e+000
5.000000e+000
5.000000e+000
5.000000e+000
5.000000e+000
5.000000e+000
5.000000e+000
5.000000e+000
5.000000e+000
5.000000e+000
5.000000e+000
5.000000e+000
5.000000e+000
5.000000e+000
5.000000e+000
5.000000e+000
5.000000e+000
5.000000e+000
5.000000e+000
5.000000e+000
5.000000e+000
5.000000e+000
5.000000e+000
5.000000e+000
5.000000e+000
5.000000e+000
5.000000e+000
5.000000e+000
5.000000e+000
5.000000e+000
5.000000e+000
5.000000e+000
5.000000e+000
5.000000e+000
5.000000e+000
5.000000e+000
5.000000e+000
5.000000e+000
5.000000e+000
5.000000e+000
5.000000e+000
5.000000e+000
5.000000e+000
5.000000e+000
5.000000e+000
5.000000e+000
5.000000e+000
5.000000e+000
5.000000e+000
5.000000e+000
5.000000e+000
5.000000e+000
5.000000e+000
5.000000e+000
5.000000e+000
5.000000e+000
5.000000e+000
5.000000e+000
5.000000e+000
5.000000e+000
5.000000e+000
5.000000e+000
5.000000e+000
5.000000e+000
5.000000e+000
5.000000e+000
5.000000e+000
5.000000e+000
5.000000e+000
5.000000e+000
5.000000e+000
5.000000e+000
5.000000e+000
5.000000e+000
5.000000e+000
5.000000e+000
5.000000e+000
5.000000e+000
5.000000e+000
5.000000e+000
5.000000e+000
5.000000e+000
5.000000e+000
5.000000e+000
5.000000e+000
5.000000e+000
5.000000e+000
5.000000e+000
5.000000e+000
5.000000e+000
5.000000e+000
5.000000e+000
5.000000e+000
5.000000e+000
5.000000e+000
5.000000e+000
5.000000e+000
5.000000e+000
5.000000e+000
5.000000e+000
5.000000e+000
5.000000e+000
5.000000e+000
5.000000e+000
5.000000e+000
5.000000e+000
5.000000e+000
5.000000e+000
5.000000e+000
5.000000e+000
5.000000e+000
5.000000e+000
5.000000e+000
5.000000e+000
5.000000e+000
5.000000e+000
5.000000e+000
5.000000e+000
5.000000e+000
5.000000e+000
5.000000e+000
5.000000e+000
5.000000e+000
5.000000e+000
5.000000e+000
5.000000e+000
5.000000e+000
5.000000e+000
5.000000e+000
5.000000e+000
5.000000e+000
5.000000e+000
5.000000e+000
5.000000e+000
5.000000e+000
5.000000e+000
5.000000e+000
5.000000e+000
5.000000e+000
5.000000e+000
5.000000e+000
5.000000e+000
5.000000e+000
5.000000e+000
5.000000e+000
5.000000e+000
5.000000e+000
5.000000e+000
5.000000e+000
5.000000e+000
5.000000e+000
5.000000e+000
5.000000e+000
5.000000e+000
5.000000e+000
5.000000e+000
5.000000e+000
5.000000e+000
5.000000e+000
5.000000e+000
5.000000e+000
5.000000e+000
5.000000e+000
5.000000e+000
5.000000e+000
5.000000e+000
5.000000e+000
5.000000e+000
5.000000e+000
5.000000e+000
5.000000e+000
5.000000e+000
5.000000e+000
5.000000e+000
5.000000e+000
5.000000e+000
5.000000e+000
5.000000e+000
5.000000e+000
5.000000e+000
5.000000e+000
5.000000e+000
5.000000e+000
5.000000e+000
5.000000e+000
5.000000e+000
5.000000e+000
5.000000e+000
5.000000e+000
5.000000e+000
5.000000e+000
5.000000e+000
5.000000e+000
5.000000e+000
5.000000e+000
5.000000e+000
5.000000e+000
5.000000e+000
5.000000e+000
5.000000e+000
5.000000e+000
5.000000e+000
5.000000e+000
5.000000e+000
5.000000e+000
5.000000e+000
5.000000e+000
5.000000e+000
5.000000e+000
5.000000e+000
5.000000e+000
5.000000e+000
5.000000e+000
5.000000e+000
5.000000e+000
5.000000e+000
5.000000e+000
5.000000e+000
5.000000e+000
5.000000e+000
5.000000e+000
5.000000e+000
5.000000e+000
5.000000e+000
5.000000e+000
5.000000e+000
5.000000e+000
5.000000e+000
5.000000e+000
5.000000e+000
5.000000e+000
5.000000e+000
5.000000e+000
5.000000e+000
5.000000e+000
5.000000e+000
5.000000e+000
5.000000e+000
5.000000e+000
5.000000e+000
5.000000e+000
5.000000e+000
5.000000e+000
5.000000e+000
5.000000e+000
5.000000e+000
5.000000e+000
5.000000e+000
5.000000e+000
5.000000e+000
5.000000e+000
5.000000e+000
5.000000e+000
5.000000e+000
5.000000e+000
5.000000e+000
5.000000e+000
5.000000e+000
5.000000e+000
5.000000e+000
5.000000e+000
5.000000e+000
5.000000e+000
5.000000e+000
5.000000e+000
5.000000e+000
5.000000e+000
5.000000e+000
5.000000e+000
5.000000e+000
5.000000e+000
5.000000e+000
5.000000e+000
5.000000e+000
5.000000e+000
5.000000e+000
5.000000e+000
5.000000e+000
5.000000e+000
5.000000e+000
5.000000e+000
5.000000e+000
5.000000e+000
5.000000e+000
5.000000e+000
5.000000e+000
5.000000e+000
5.000000e+000
5.000000e+000
5.000000e+000
5.000000e+000
5.000000e+000
5.000000e+000
5.000000e+000
5.000000e+000
5.000000e+000
5.000000e+000
5.000000e+000
5.000000e+000
5.000000e+000
5.000000e+000
5.000000e+000
5.000000e+000
5.000000e+000
5.000000e+000
5.000000e+000
5.000000e+000
5.000000e+000
5.000000e+000
5.000000e+000
5.000000e+000
5.000000e+000
5.000000e+000
5.000000e+000
5.000000e+000
5.000000e+000
5.000000e+000
5.000000e+000
5.000000e+000
5.000000e+000
5.000000e+000
5.000000e+000
5.000000e+000
5.000000e+000
5.000000e+000
5.000000e+000
5.000000e+000
5.000000e+000
5.000000e+000
5.000000e+000
5.000000e+000
5.000000e+000
5.000000e+000
5.000000e+000
5.000000e+000
5.000000e+000
5.000000e+000
5.000000e+000
5.000000e+000
5.000000e+000
5.000000e+000
5.000000e+000
5.000000e+000
5.000000e+000
5.000000e+000
5.000000e+000
5.000000e+000
5.000000e+000
5.000000e+000
5.000000e+000
5.000000e+000
5.000000e+000
5.000000e+000
5.000000e+000
5.000000e+000
5.000000e+000
5.000000e+000
5.000000e+000
5.000000e+000
5.000000e+000
5.000000e+000
5.000000e+000
5.000000e+000
5.000000e+000
5.000000e+000
5.000000e+000
5.000000e+000
5.000000e+000
5.000000e+000
5.000000e+000
5.000000e+000
5.000000e+000
5.000000e+000
5.000000e+000
5.000000e+000
5.000000e+000
5.000000e+000
5.000000e+000
5.000000e+000
5.000000e+000
5.000000e+000
5.000000e+000
5.000000e+000
5.000000e+000
5.000000e+000
5.000000e+000
5.000000e+000
5.000000e+000
5.000000e+000
5.000000e+000
5.000000e+000
5.000000e+000
5.000000e+000
5.000000e+000
5.000000e+000
5.000000e+000
5.000000e+000
5.000000e+000
5.000000e+000
5.000000e+000
5.000000e+000
5.000000e+000
5.000000e+000
5.000000e+000
5.000000e+000
5.000000e+000
5.000000e+000
5.000000e+000
5.000000e+000
5.000000e+000
5.000000e+000
5.000000e+000
5.000000e+000
5.000000e+000
5.000000e+000
5.000000e+000
5.000000e+000
5.000000e+000
5.000000e+000
5.000000e+000
5.000000e+000
5.000000e+000
5.000000e+000
5.000000e+000
5.000000e+000
5.000000e+000
5.000000e+000
5.000000e+000
5.000000e+000
5.000000e+000
5.000000e+000
5.000000e+000
5.000000e+000
5.000000e+000
5.000000e+000
5.000000e+000
5.000000e+000
5.000000e+000
5.000000e+000
5.000000e+000
5.000000e+000
5.000000e+000
5.000000e+000
5.000000e+000
5.000000e+000
5.000000e+000
5.000000e+000
5.000000e+000
5.000000e+000
5.000000e+000
5.000000e+000
5.000000e+000
5.000000e+000
5.000000e+000
5.000000e+000
5.000000e+000
5.000000e+000
5.000000e+000
5.000000e+000
5.000000e+000
5.000000e+000
5.000000e+000
5.000000e+000
5.000000e+000
5.000000e+000
5.000000e+000
5.000000e+000
5.000000e+000
5.000000e+000
5.000000e+000
5.000000e+000
5.000000e+000
5.000000e+000
5.000000e+000
5.000000e+000
5.000000e+000
5.000000e+000
5.000000e+000
5.000000e+000
5.000000e+000
5.000000e+000
5.000000e+000
5.000000e+000
5.000000e+000
5.000000e+000
5.000000e+000
5.000000e+000
5.000000e+000
5.000000e+000
5.000000e+000
5.000000e+000
5.000000e+000
5.000000e+000
5.000000e+000
5.000000e+000
5.000000e+000
5.000000e+000
5.000000e+000
5.000000e+000
5.000000e+000
5.000000e+000
5.000000e+000
5.000000e+000
5.000000e+000
5.000000e+000
5.000000e+000
5.000000e+000
5.000000e+000
5.000000e+000
5.000000e+000
5.000000e+000
5.000000e+000
5.000000e+000
5.000000e+000
5.000000e+000
5.000000e+000
5.000000e+000
5.000000e+000
5.000000e+000
5.000000e+000
5.000000e+000
5.000000e+000
5.000000e+000
5.000000e+000
5.000000e+000
5.000000e+000
5.000000e+000
5.000000e+000
5.000000e+000
5.000000e+000
5.000000e+000
5.000000e+000
5.000000e+000
5.000000e+000
5.000000e+000
5.000000e+000
5.000000e+000
5.000000e+000
5.000000e+000
5.000000e+000
5.000000e+000
5.000000e+000
5.000000e+000
5.000000e+000
5.000000e+000
5.000000e+000
5.000000e+000
5.000000e+000
5.000000e+000
5.000000e+000
5.000000e+000
5.000000e+000
5.000000e+000
5.000000e+000
5.000000e+000
5.000000e+000
5.000000e+000
5.000000e+000
5.000000e+000
5.000000e+000
5.000000e+000
5.000000e+000
5.000000e+000
5.000000e+000
5.000000e+000
5.000000e+000
5.000000e+000
5.000000e+000
5.000000e+000
5.000000e+000
5.000000e+000
5.000000e+000
5.000000e+000
5.000000e+000
5.000000e+000
5.000000e+000
5.000000e+000
5.000000e+000
5.000000e+000
5.000000e+000
5.000000e+000
5.000000e+000
5.000000e+000
5.000000e+000
5.000000e+000
5.000000e+000
5.000000e+000
5.000000e+000
5.000000e+000
5.000000e+000
5.000000e+000
5.000000e+000
5.000000e+000
5.000000e+000
5.000000e+000
5.000000e+000
5.000000e+000
5.000000e+000
5.000000e+000
5.000000e+000
5.000000e+000
5.000000e+000
5.000000e+000
5.000000e+000
5.000000e+000
5.000000e+000
5.000000e+000
5.000000e+000
5.000000e+000
5.000000e+000
5.000000e+000
5.000000e+000
5.000000e+000
5.000000e+000
5.000000e+000
5.000000e+000
5.000000e+000
5.000000e+000
5.000000e+000
5.000000e+000
5.000000e+000
5.000000e+000
5.000000e+000
5.000000e+000
5.000000e+000
5.000000e+000
5.000000e+000
5.000000e+000
5.000000e+000
5.000000e+000
5.000000e+000
5.000000e+000
5.000000e+000
5.000000e+000
5.000000e+000
5.000000e+000
5.000000e+000
5.000000e+000
5.000000e+000
5.000000e+000
5.000000e+000
5.000000e+000
5.000000e+000
5.000000e+000
5.000000e+000
5.000000e+000
5.000000e+000
5.000000e+000
5.000000e+000
5.000000e+000
5.000000e+000
5.000000e+000
5.000000e+000
5.000000e+000
5.000000e+000
5.000000e+000
5.000000e+000
5.000000e+000
5.000000e+000
5.000000e+000
5.000000e+000
5.000000e+000
5.000000e+000
5.000000e+000
5.000000e+000
5.000000e+000
5.000000e+000
5.000000e+000
5.000000e+000
5.000000e+000
5.000000e+000
5.000000e+000
5.000000e+000
5.000000e+000
5.000000e+000
5.000000e+000
5.000000e+000
5.000000e+000
5.000000e+000
5.000000e+000
5.000000e+000
5.000000e+000
5.000000e+000
5.000000e+000
5.000000e+000
5.000000e+000
5.000000e+000
5.000000e+000
5.000000e+000
5.000000e+000
5.000000e+000
5.000000e+000
5.000000e+000
5.000000e+000
5.000000e+000
5.000000e+000
5.000000e+000
5.000000e+000
5.000000e+000
5.000000e+000
5.000000e+000
5.000000e+000
5.000000e+000
5.000000e+000
5.000000e+000
5.000000e+000
5.000000e+000
5.000000e+000
5.000000e+000
5.000000e+000
5.000000e+000
5.000000e+000
5.000000e+000
5.000000e+000
5.000000e+000
5.000000e+000
5.000000e+000
5.000000e+000
5.000000e+000
5.000000e+000
5.000000e+000
5.000000e+000
5.000000e+000
5.000000e+000
5.000000e+000
5.000000e+000
5.000000e+000
5.000000e+000
5.000000e+000
5.000000e+000
5.000000e+000
5.000000e+000
5.000000e+000
5.000000e+000
5.000000e+000
5.000000e+000
5.000000e+000
5.000000e+000
5.000000e+000
5.000000e+000
5.000000e+000
5.000000e+000
5.000000e+000
5.000000e+000
5.000000e+000
5.000000e+000
5.000000e+000
5.000000e+000
5.000000e+000
5.000000e+000
5.000000e+000
5.000000e+000
5.000000e+000
5.000000e+000
5.000000e+000
5.000000e+000
5.000000e+000
5.000000e+000
5.000000e+000
5.000000e+000
5.000000e+000
5.000000e+000
5.000000e+000
5.000000e+000
5.000000e+000
5.000000e+000
5.000000e+000
5.000000e+000
5.000000e+000
5.000000e+000
5.000000e+000
5.000000e+000
5.000000e+000
5.000000e+000
5.000000e+000
5.000000e+000
5.000000e+000
5.000000e+000
5.000000e+000
5.000000e+000
5.000000e+000
5.000000e+000
5.000000e+000
5.000000e+000
5.000000e+000
5.000000e+000
5.000000e+000
5.000000e+000
5.000000e+000
5.000000e+000
5.000000e+000
5.000000e+000
5.000000e+000
5.000000e+000
5.000000e+000
5.000000e+000
5.000000e+000
5.000000e+000
5.000000e+000
5.000000e+000
5.000000e+000
5.000000e+000
5.000000e+000
5.000000e+000
5.000000e+000
5.000000e+000
5.000000e+000
5.000000e+000
5.000000e+000
5.000000e+000
5.000000e+000
5.000000e+000
5.000000e+000
5.000000e+000
5.000000e+000
5.000000e+000
5.000000e+000
5.000000e+000
5.000000e+000
5.000000e+000
5.000000e+000
5.000000e+000
5.000000e+000
5.000000e+000
5.000000e+000
5.000000e+000
5.000000e+000
5.000000e+000
5.000000e+000
5.000000e+000
5.000000e+000
5.000000e+000
5.000000e+000
5.000000e+000
5.000000e+000
5.000000e+000
5.000000e+000
5.000000e+000
5.000000e+000
5.000000e+000
5.000000e+000
5.000000e+000
5.000000e+000
5.000000e+000
5.000000e+000
5.000000e+000
5.000000e+000
5.000000e+000
5.000000e+000
5.000000e+000
5.000000e+000
5.000000e+000
5.000000e+000
5.000000e+000
5.000000e+000
5.000000e+000
5.000000e+000
5.000000e+000
5.000000e+000
5.000000e+000
5.000000e+000
5.000000e+000
5.000000e+000
5.000000e+000
5.000000e+000
5.000000e+000
5.000000e+000
5.000000e+000
5.000000e+000
5.000000e+000
5.000000e+000
5.000000e+000
5.000000e+000
5.000000e+000
5.000000e+000
5.000000e+000
5.000000e+000
5.000000e+000
5.000000e+000
5.000000e+000
5.000000e+000
5.000000e+000
5.000000e+000
5.000000e+000
5.000000e+000
5.000000e+000
5.000000e+000
5.000000e+000
5.000000e+000
5.000000e+000
5.000000e+000
5.000000e+000
5.000000e+000
5.000000e+000
5.000000e+000
5.000000e+000
5.000000e+000
5.000000e+000
5.000000e+000
5.000000e+000
5.000000e+000
5.000000e+000
5.000000e+000
5.000000e+000
5.000000e+000
5.000000e+000
5.000000e+000
5.000000e+000
5.000000e+000
5.000000e+000
5.000000e+000
5.000000e+000
5.000000e+000
5.000000e+000
5.000000e+000
5.000000e+000
5.000000e+000
5.000000e+000
5.000000e+000
5.000000e+000
5.000000e+000
5.000000e+000
5.000000e+000
5.000000e+000
5.000000e+000
5.000000e+000
5.000000e+000
5.000000e+000
5.000000e+000
5.000000e+000
5.000000e+000
5.000000e+000
5.000000e+000
5.000000e+000
5.000000e+000
5.000000e+000
5.000000e+000
5.000000e+000
5.000000e+000
5.000000e+000
5.000000e+000
5.000000e+000
5.000000e+000
5.000000e+000
5.000000e+000
5.000000e+000
5.000000e+000
5.000000e+000
5.000000e+000
5.000000e+000
5.000000e+000
5.000000e+000
5.000000e+000
5.000000e+000
5.000000e+000
5.000000e+000
5.000000e+000
5.000000e+000
5.000000e+000
5.000000e+000
5.000000e+000
5.000000e+000
5.000000e+000
5.000000e+000
5.000000e+000
5.000000e+000
5.000000e+000
5.000000e+000
5.000000e+000
5.000000e+000
5.000000e+000
5.000000e+000
5.000000e+000
5.000000e+000
5.000000e+000
5.000000e+000
5.000000e+000
5.000000e+000
5.000000e+000
5.000000e+000
5.000000e+000
5.000000e+000
5.000000e+000
5.000000e+000
5.000000e+000
5.000000e+000
5.000000e+000
5.000000e+000
5.000000e+000
5.000000e+000
5.000000e+000
5.000000e+000
5.000000e+000
5.000000e+000
5.000000e+000
5.000000e+000
5.000000e+000
5.000000e+000
5.000000e+000
5.000000e+000
5.000000e+000
5.000000e+000
5.000000e+000
5.000000e+000
5.000000e+000
5.000000e+000
5.000000e+000
5.000000e+000
5.000000e+000
5.000000e+000
5.000000e+000
5.000000e+000
5.000000e+000
5.000000e+000
5.000000e+000
5.000000e+000
5.000000e+000
5.000000e+000
5.000000e+000
5.000000e+000
5.000000e+000
5.000000e+000
5.000000e+000
5.000000e+000
5.000000e+000
5.000000e+000
5.000000e+000
5.000000e+000
5.000000e+000
5.000000e+000
5.000000e+000
5.000000e+000
5.000000e+000
5.000000e+000
5.000000e+000
5.000000e+000
5.000000e+000
5.000000e+000
5.000000e+000
5.000000e+000
5.000000e+000
5.000000e+000
5.000000e+000
5.000000e+000
5.000000e+000
5.000000e+000
5.000000e+000
5.000000e+000
5.000000e+000
5.000000e+000
5.000000e+000
5.000000e+000
5.000000e+000
5.000000e+000
5.000000e+000
5.000000e+000
5.000000e+000
5.000000e+000
5.000000e+000
5.000000e+000
5.000000e+000
5.000000e+000
5.000000e+000
5.000000e+000
5.000000e+000
5.000000e+000
5.000000e+000
5.000000e+000
5.000000e+000
5.000000e+000
5.000000e+000
5.000000e+000
5.000000e+000
5.000000e+000
5.000000e+000
5.000000e+000
5.000000e+000
5.000000e+000
5.000000e+000
5.000000e+000
5.000000e+000
5.000000e+000
5.000000e+000
5.000000e+000
5.000000e+000
5.000000e+000
5.000000e+000
5.000000e+000
5.000000e+000
5.000000e+000
5.000000e+000
5.000000e+000
5.000000e+000
5.000000e+000
5.000000e+000
5.000000e+000
5.000000e+000
5.000000e+000
5.000000e+000
5.000000e+000
5.000000e+000
5.000000e+000
5.000000e+000
5.000000e+000
5.000000e+000
5.000000e+000
5.000000e+000
5.000000e+000
5.000000e+000
5.000000e+000
5.000000e+000
5.000000e+000
5.000000e+000
5.000000e+000
5.000000e+000
5.000000e+000
5.000000e+000
5.000000e+000
5.000000e+000
5.000000e+000
5.000000e+000
5.000000e+000
5.000000e+000
5.000000e+000
5.000000e+000
5.000000e+000
5.000000e+000
5.000000e+000
5.000000e+000
5.000000e+000
5.000000e+000
5.000000e+000
5.000000e+000
5.000000e+000
5.000000e+000
5.000000e+000
5.000000e+000
5.000000e+000
5.000000e+000
5.000000e+000
5.000000e+000
5.000000e+000
5.000000e+000
5.000000e+000
5.000000e+000
5.000000e+000
5.000000e+000
5.000000e+000
5.000000e+000
5.000000e+000
5.000000e+000
5.000000e+000
5.000000e+000
5.000000e+000
5.000000e+000
5.000000e+000
5.000000e+000
5.000000e+000
5.000000e+000
5.000000e+000
5.000000e+000
5.000000e+000
5.000000e+000
5.000000e+000
5.000000e+000
5.000000e+000
5.000000e+000
5.000000e+000
5.000000e+000
5.000000e+000
5.000000e+000
5.000000e+000
5.000000e+000
5.000000e+000
5.000000e+000
5.000000e+000
5.000000e+000
5.000000e+000
5.000000e+000
5.000000e+000
5.000000e+000
5.000000e+000
5.000000e+000
5.000000e+000
5.000000e+000
5.000000e+000
5.000000e+000
5.000000e+000
5.000000e+000
5.000000e+000
5.000000e+000
5.000000e+000
5.000000e+000
5.000000e+000
5.000000e+000
5.000000e+000
5.000000e+000
5.000000e+000
5.000000e+000
5.000000e+000
5.000000e+000
5.000000e+000
5.000000e+000
5.000000e+000
5.000000e+000
5.000000e+000
5.000000e+000
5.000000e+000
5.000000e+000
5.000000e+000
5.000000e+000
5.000000e+000
5.000000e+000
5.000000e+000
5.000000e+000
5.000000e+000
5.000000e+000
5.000000e+000
5.000000e+000
5.000000e+000
5.000000e+000
5.000000e+000
5.000000e+000
5.000000e+000
5.000000e+000
5.000000e+000
5.000000e+000
5.000000e+000
5.000000e+000
5.000000e+000
5.000000e+000
5.000000e+000
5.000000e+000
5.000000e+000
5.000000e+000
5.000000e+000
5.000000e+000
5.000000e+000
5.000000e+000
5.000000e+000
5.000000e+000
5.000000e+000
5.000000e+000
5.000000e+000
5.000000e+000
5.000000e+000
5.000000e+000
5.000000e+000
5.000000e+000
5.000000e+000
5.000000e+000
5.000000e+000
5.000000e+000
5.000000e+000
5.000000e+000
5.000000e+000
5.000000e+000
5.000000e+000
5.000000e+000
5.000000e+000
5.000000e+000
5.000000e+000
5.000000e+000
5.000000e+000
5.000000e+000
5.000000e+000
5.000000e+000
5.000000e+000
5.000000e+000
5.000000e+000
5.000000e+000
5.000000e+000
5.000000e+000
5.000000e+000
5.000000e+000
5.000000e+000
5.000000e+000
5.000000e+000
5.000000e+000
5.000000e+000
5.000000e+000
5.000000e+000
5.000000e+000
5.000000e+000
5.000000e+000
5.000000e+000
5.000000e+000
5.000000e+000
5.000000e+000
5.000000e+000
5.000000e+000
5.000000e+000
5.000000e+000
5.000000e+000
5.000000e+000
5.000000e+000
5.000000e+000
5.000000e+000
5.000000e+000
5.000000e+000
5.000000e+000
5.000000e+000
5.000000e+000
5.000000e+000
5.000000e+000
5.000000e+000
5.000000e+000
5.000000e+000
5.000000e+000
5.000000e+000
5.000000e+000
5.000000e+000
5.000000e+000
5.000000e+000
5.000000e+000
5.000000e+000
5.000000e+000
5.000000e+000
5.000000e+000
5.000000e+000
5.000000e+000
5.000000e+000
5.000000e+000
5.000000e+000
5.000000e+000
5.000000e+000
5.000000e+000
5.000000e+000
5.000000e+000
5.000000e+000
5.000000e+000
5.000000e+000
5.000000e+000
5.000000e+000
5.000000e+000
5.000000e+000
5.000000e+000
5.000000e+000
5.000000e+000
5.000000e+000
5.000000e+000
5.000000e+000
5.000000e+000
5.000000e+000
5.000000e+000
5.000000e+000
5.000000e+000
5.000000e+000
5.000000e+000
5.000000e+000
5.000000e+000
5.000000e+000
5.000000e+000
5.000000e+000
5.000000e+000
5.000000e+000
5.000000e+000
5.000000e+000
5.000000e+000
5.000000e+000
5.000000e+000
5.000000e+000
5.000000e+000
5.000000e+000
5.000000e+000
5.000000e+000
5.000000e+000
5.000000e+000
5.000000e+000
5.000000e+000
5.000000e+000
5.000000e+000
5.000000e+000
5.000000e+000
5.000000e+000
5.000000e+000
5.000000e+000
5.000000e+000
5.000000e+000
5.000000e+000
5.000000e+000
5.000000e+000
5.000000e+000
5.000000e+000
5.000000e+000
5.000000e+000
5.000000e+000
5.000000e+000
5.000000e+000
5.000000e+000
5.000000e+000
5.000000e+000
5.000000e+000
5.000000e+000
5.000000e+000
5.000000e+000
5.000000e+000
5.000000e+000
5.000000e+000
5.000000e+000
5.000000e+000
5.000000e+000
5.000000e+000
5.000000e+000
5.000000e+000
5.000000e+000
5.000000e+000
5.000000e+000
5.000000e+000
5.000000e+000
5.000000e+000
5.000000e+000
5.000000e+000
5.000000e+000
5.000000e+000
5.000000e+000
5.000000e+000
5.000000e+000
5.000000e+000
5.000000e+000
5.000000e+000
5.000000e+000
5.000000e+000
5.000000e+000
5.000000e+000
5.000000e+000
5.000000e+000
5.000000e+000
5.000000e+000
5.000000e+000
5.000000e+000
5.000000e+000
5.000000e+000
5.000000e+000
5.000000e+000
5.000000e+000
5.000000e+000
5.000000e+000
5.000000e+000
5.000000e+000
5.000000e+000
5.000000e+000
5.000000e+000
5.000000e+000
5.000000e+000
5.000000e+000
5.000000e+000
5.000000e+000
5.000000e+000
5.000000e+000
5.000000e+000
5.000000e+000
5.000000e+000
5.000000e+000
5.000000e+000
5.000000e+000
5.000000e+000
5.000000e+000
5.000000e+000
5.000000e+000
5.000000e+000
5.000000e+000
5.000000e+000
5.000000e+000
5.000000e+000
5.000000e+000
5.000000e+000
5.000000e+000
5.000000e+000
5.000000e+000
5.000000e+000
5.000000e+000
5.000000e+000
5.000000e+000
5.000000e+000
5.000000e+000
5.000000e+000
5.000000e+000
5.000000e+000
5.000000e+000
5.000000e+000
5.000000e+000
5.000000e+000
5.000000e+000
5.000000e+000
5.000000e+000
5.000000e+000
5.000000e+000
5.000000e+000
5.000000e+000
5.000000e+000
5.000000e+000
5.000000e+000
5.000000e+000
5.000000e+000
5.000000e+000
5.000000e+000
5.000000e+000
5.000000e+000
5.000000e+000
5.000000e+000
5.000000e+000
5.000000e+000
5.000000e+000
5.000000e+000
5.000000e+000
5.000000e+000
5.000000e+000
5.000000e+000
5.000000e+000
5.000000e+000
5.000000e+000
5.000000e+000
5.000000e+000
5.000000e+000
5.000000e+000
5.000000e+000
5.000000e+000
5.000000e+000
5.000000e+000
5.000000e+000
5.000000e+000
5.000000e+000
5.000000e+000
5.000000e+000
5.000000e+000
5.000000e+000
5.000000e+000
5.000000e+000
5.000000e+000
5.000000e+000
5.000000e+000
5.000000e+000
5.000000e+000
5.000000e+000
5.000000e+000
5.000000e+000
5.000000e+000
5.000000e+000
5.000000e+000
5.000000e+000
5.000000e+000
5.000000e+000
5.000000e+000
5.000000e+000
5.000000e+000
5.000000e+000
5.000000e+000
5.000000e+000
5.000000e+000
5.000000e+000
5.000000e+000
5.000000e+000
5.000000e+000
5.000000e+000
5.000000e+000
5.000000e+000
5.000000e+000
5.000000e+000
5.000000e+000
5.000000e+000
5.000000e+000
5.000000e+000
5.000000e+000
5.000000e+000
5.000000e+000
5.000000e+000
5.000000e+000
5.000000e+000
5.000000e+000
5.000000e+000
5.000000e+000
5.000000e+000
5.000000e+000
5.000000e+000
5.000000e+000
5.000000e+000
5.000000e+000
5.000000e+000
5.000000e+000
5.000000e+000
5.000000e+000
5.000000e+000
5.000000e+000
5.000000e+000
5.000000e+000
5.000000e+000
5.000000e+000
5.000000e+000
5.000000e+000
5.000000e+000
5.000000e+000
5.000000e+000
5.000000e+000
5.000000e+000
5.000000e+000
5.000000e+000
5.000000e+000
5.000000e+000
5.000000e+000
5.000000e+000
5.000000e+000
5.000000e+000
5.000000e+000
5.000000e+000
5.000000e+000
5.000000e+000
5.000000e+000
5.000000e+000
5.000000e+000
5.000000e+000
5.000000e+000
5.000000e+000
5.000000e+000
5.000000e+000
5.000000e+000
5.000000e+000
5.000000e+000
5.000000e+000
5.000000e+000
5.000000e+000
5.000000e+000
5.000000e+000
5.000000e+000
5.000000e+000
5.000000e+000
5.000000e+000
5.000000e+000
5.000000e+000
5.000000e+000
5.000000e+000
5.000000e+000
5.000000e+000
5.000000e+000
5.000000e+000
5.000000e+000
5.000000e+000
5.000000e+000
5.000000e+000
5.000000e+000
5.000000e+000
5.000000e+000
5.000000e+000
5.000000e+000
5.000000e+000
5.000000e+000
5.000000e+000
5.000000e+000
5.000000e+000
5.000000e+000
5.000000e+000
5.000000e+000
5.000000e+000
5.000000e+000
5.000000e+000
5.000000e+000
5.000000e+000
5.000000e+000
5.000000e+000
5.000000e+000
5.000000e+000
5.000000e+000
5.000000e+000
5.000000e+000
5.000000e+000
5.000000e+000
5.000000e+000
5.000000e+000
5.000000e+000
5.000000e+000
5.000000e+000
5.000000e+000
5.000000e+000
5.000000e+000
5.000000e+000
5.000000e+000
5.000000e+000
5.000000e+000
5.000000e+000
5.000000e+000
5.000000e+000
5.000000e+000
5.000000e+000
5.000000e+000
5.000000e+000
5.000000e+000
5.000000e+000
5.000000e+000
5.000000e+000
5.000000e+000
5.000000e+000
5.000000e+000
5.000000e+000
5.000000e+000
5.000000e+000
5.000000e+000
5.000000e+000
5.000000e+000
5.000000e+000
5.000000e+000
5.000000e+000
5.000000e+000
5.000000e+000
5.000000e+000
5.000000e+000
5.000000e+000
5.000000e+000
5.000000e+000
5.000000e+000
5.000000e+000
5.000000e+000
5.000000e+000
5.000000e+000
5.000000e+000
5.000000e+000
5.000000e+000
5.000000e+000
5.000000e+000
5.000000e+000
5.000000e+000
5.000000e+000
5.000000e+000
5.000000e+000
5.000000e+000
5.000000e+000
5.000000e+000
5.000000e+000
5.000000e+000
5.000000e+000
5.000000e+000
5.000000e+000
5.000000e+000
5.000000e+000
5.000000e+000
5.000000e+000
5.000000e+000
5.000000e+000
5.000000e+000
5.000000e+000
5.000000e+000
5.000000e+000
5.000000e+000
5.000000e+000
5.000000e+000
5.000000e+000
5.000000e+000
5.000000e+000
5.000000e+000
5.000000e+000
5.000000e+000
5.000000e+000
5.000000e+000
5.000000e+000
5.000000e+000
5.000000e+000
5.000000e+000
5.000000e+000
5.000000e+000
5.000000e+000
5.000000e+000
5.000000e+000
5.000000e+000
5.000000e+000
5.000000e+000
5.000000e+000
5.000000e+000
5.000000e+000
5.000000e+000
5.000000e+000
5.000000e+000
5.000000e+000
5.000000e+000
5.000000e+000
5.000000e+000
5.000000e+000
5.000000e+000
5.000000e+000
5.000000e+000
5.000000e+000
5.000000e+000
5.000000e+000
5.000000e+000
5.000000e+000
5.000000e+000
5.000000e+000
5.000000e+000
5.000000e+000
5.000000e+000
5.000000e+000
5.000000e+000
5.000000e+000
5.000000e+000
5.000000e+000
5.000000e+000
5.000000e+000
5.000000e+000
5.000000e+000
5.000000e+000
5.000000e+000
5.000000e+000
5.000000e+000
